             precision    recall  f1-score   support

          a       1.00      1.00      1.00         4
          b       1.00      1.00      1.00         4
          c       1.00      1.00      1.00         4
          e       1.00      1.00      1.00         3
          f       1.00      1.00      1.00         2
          g       1.00      1.00      1.00         4
          h       1.00      1.00      1.00         3
          j       1.00      1.00      1.00         5
          k       1.00      1.00      1.00         4
          l       1.00      1.00      1.00         5
          m       1.00      1.00      1.00         5
          n       1.00      1.00      1.00         2
          p       1.00      1.00      1.00         8
          r       1.00      1.00      1.00         6
          t       1.00      1.00      1.00         5
          u       1.00      1.00      1.00         2
          x       1.00      1.00      1.00         3
          y       1.00      1.00      1.00         5

avg / total       1.00      1.00      1.00        74
